# Created by Octave 3.2.4, Mon Feb 07 18:03:26 2011 PST <sbliven@pisaster>
# name: VisitWomensBeta
# type: matrix
# rows: 26
# columns: 1
 0.06944164616444717
 0.02856180713069108
 0.002272172176127745
 0.01358467148335346
 0.0002021858170036494
 -0.007514789974690071
 0.00189289355713389
 -0.007444567351339255
 -0.02850213403495526
 0.005839320742582479
 -0.02776091516641373
 0.01697682530869163
 -0.03518281004723237
 -0.007864963910936095
 0.0236509131268542
 0.01134276860784919
 0.04385751165768931
 -0.01899580540674263
 0.02331608068677983
 -0.004512479547668096
 0.02711283947671571
 -0.009077033546857422
 0.008393922011694447
 -0.02436487513194967
 -0.01777820242125401
 0.0179635578037252
# name: VisitMensBeta
# type: matrix
# rows: 26
# columns: 1
 -0.001512892188594506
 0.02236629050498266
 0.01034032519293306
 -0.005001579760245916
 -0.003155728511436931
 -0.003863669175467244
 0.02744734399218754
 -0.006693873802225229
 -0.005636088651501774
 -0.04620186699958983
 -0.001095378960156006
 0.009504637352496679
 -0.03330881394478513
 -0.01008854328607324
 0.0188976492781766
 0.01263515765162089
 0.03024695856972845
 -0.003725095283509549
 0.03262125164743575
 -4.78286046247077e-05
 0.04133872182235904
 -0.009479572279249528
 0.01532676035166949
 -0.02576406662322381
 -0.007353845138169295
 0.02506977255782079
# name: VisitNoemailBeta
# type: matrix
# rows: 26
# columns: 1
 -0.009173673846724512
 0.04470563661975611
 0.02287695707776965
 0.02130841553325355
 -0.01454824243647578
 0.03922349482805865
 -0.04593168825696196
 -0.007316688972825533
 -0.01240907167468149
 -0.03119488892725075
 -0.01543887436336855
 -0.003840118733329588
 -0.03615025715706285
 -0.0295086296337641
 0.01383690463103961
 0.04398831648145506
 0.02524686193096675
 0.02551997025043871
 0.04694628696666273
 -0.009049875841236562
 0.04114531189061866
 -0.02395208374478763
 0.05824465245788941
 -0.06207853313068599
 -0.01386311074421602
 0.03221723540588106
# name: PurchaseWomensBeta
# type: matrix
# rows: 26
# columns: 1
 -0.006495588636013792
 0.002466549338125494
 0.02633952560444501
 -0.01275010939439986
 0.01523761542274547
 -0.004106589767845662
 -0.01794834148284893
 -0.0209406225160816
 0.0009203805384612868
 -0.002753740963861683
 0.00867841618555525
 -0.002776698419968613
 -0.002353288703298336
 0.02190151180322651
 -0.02145763084172024
 -0.0115357506689059
 0.005224527685383019
 -0.01520693032416621
 0.009929821866646888
 -0.0009396805888366375
 -0.005715068830616076
 -0.01543378522705437
 0.01906925560664205
 -0.007859904723466218
 -0.01403539316164181
 0.003130221346262423
# name: PurchaseMensBeta
# type: matrix
# rows: 26
# columns: 1
 8.364128594418995e-05
 0.002707402046817671
 -0.03311792338720877
 0.0200930607965911
 0.01940561030699696
 0.004014319196375833
 0.006005294561670963
 -0.006148378951376346
 0.02803155185328051
 0.02609693447694132
 -0.01405881371797644
 -0.012327472749381
 -0.01102946432089313
 -0.050056222977612
 -0.02215126722175467
 0.05482961771520186
 0.04410612883520416
 0.001488132177024602
 0.07745029449915876
 0.03044512833366386
 0.006850883032174107
 -0.001334157727471279
 0.01833718277032113
 0.003597918482809123
 -0.02301024726449448
 0.04934307315433743
# name: PurchaseNoemailBeta
# type: matrix
# rows: 26
# columns: 1
 0.006559668792251431
 -0.03640074697201048
 0.04335803712747447
 0.02002006419114968
 0.01407305517949109
 0.0322078516068015
 -0.007470920310422647
 0.002853087029855209
 0.001872497033095049
 0.002763738000042284
 -0.05055018628568241
 0.00608766876079377
 -0.0139851060137549
 0.01943325661507204
 -0.02654310822221532
 0.06050740321552061
 -0.03421847874846998
 -0.03754994860870446
 0.007446124455738239
 -0.02933783643492698
 -0.01809998267556502
 0.008082372401240701
 -0.001509635581194189
 0.006662778301535452
 -0.02262924004473382
 0.01426338276640931
# name: alpha
# type: scalar
1
# name: lambda
# type: scalar
0.1
# name: epochs
# type: scalar
250
